1.147582033184412253e+01
1.055083810450263471e+01
6.990477819479929522e+00
7.123164685365861892e+00
9.763516431890126412e+00
3.562629066781262122e+00
1.042070249883291844e+01
6.317062808930955953e+00
2.337879113501007300e+00
1.218099276796054298e+01
1.352663620191054683e+01
7.005067264875566302e+00
4.494979309904357123e+00
1.953335776768451026e+01
9.252153271402061563e+00
1.562985091170140173e+00
8.449333933320511747e+00
6.035951441862648537e+00
1.164558658075284292e+01
8.197598564959999834e+00
1.271033573293920504e+01
6.943244826310161599e+00
7.534079204856758416e+00
9.628273498329807722e+00
5.754321988758014150e+00
9.767653362601176781e+00
1.371165503205864056e+01
4.344195911803527821e+00
9.080817662874762775e+00
3.441389868165146027e+00
2.334944527645210766e+00
8.324260159648469326e+00
2.075691280971605490e+00
4.731080360415647057e+00
9.039838103204541397e+00
9.642058870782223678e+00
1.024255363449173473e+01
8.454045547310752085e+00
3.734626402465949901e+00
5.301209340679542414e+00
7.408193623453728449e+00
1.540144434119781458e+01
1.360481474089579734e+01
1.218828074602659761e+01
5.427317669068632000e+00
5.823701895157158859e+00
3.387692816089529657e+00
4.034709765120604530e+00
8.478657981654560416e+00
7.030628381577415098e+00
2.508183142612959049e+00
4.140381102443772221e+00
6.068786919409742353e+00
8.297893959441742240e+00
3.909023042288231942e+00
7.848286720941811900e+00
1.483420147090653884e+01
6.215675789076182234e+00
4.255847360090679210e+00
4.082270237908223187e+00
1.852655238257860049e+00
5.621203455389441217e+00
8.263782825189908365e+00
7.034256927832491790e+00
2.069920545683407553e+00
4.024153229913088659e+00
4.690017403742923641e+00
2.728643490718926312e+00
4.421668641882492423e+00
9.689778681697269747e+00
9.759679037318756301e+00
7.092333648782499722e+00
5.940116418416749866e+00
7.767547445426073338e+00
6.789043532672806691e+00
1.200068261162567929e+01
7.201499539987537446e+00
8.798357788982903216e+00
3.190907055327064867e+00
8.735829140151132322e+00
7.619871489165811695e+00
1.047130362199532172e+01
4.994277649830284105e+00
6.464327717176105104e+00
7.451205875609892004e+00
4.572892512174486335e+00
8.444624204225776865e+00
5.145555180693557773e+00
5.978246740251140778e+00
8.979331150258369476e+00
7.008760618726855185e+00
1.081311471210680075e+01
5.668319476634829712e+00
1.290454559032862925e+01
1.153150842504056506e+01
2.908839606006669598e+01
6.408992313513529382e+00
6.425462929367436793e+00
1.726249243826219271e+01
8.643052018883320642e+00
